cp	max_depth	min_split	min_bucket	ganancia_promedio
-1	4	1000	500	52112000
-0.5	4	1000	500	52112000
-0.3	4	1000	500	52112000
-0.1	4	1000	500	52112000
-1	4	1000	400	52468000
-0.5	4	1000	400	52468000
-0.3	4	1000	400	52468000
-0.1	4	1000	400	52468000
-1	4	1000	300	52720000
-0.5	4	1000	300	52720000
-0.3	4	1000	300	52720000
-0.1	4	1000	300	52720000
-1	4	1000	200	52872000
-0.5	4	1000	200	52872000
-0.3	4	1000	200	52872000
-0.1	4	1000	200	52872000
-1	4	1000	50	49082000
-0.5	4	1000	50	49082000
-0.3	4	1000	50	49082000
-0.1	4	1000	50	49082000
-1	4	1000	25	48732000
-0.5	4	1000	25	48732000
-0.3	4	1000	25	48732000
-0.1	4	1000	25	48732000
-1	4	1000	10	49108000
-0.5	4	1000	10	49108000
-0.3	4	1000	10	49108000
-0.1	4	1000	10	49108000
-1	4	1000	5	48452000
-0.5	4	1000	5	48452000
-0.3	4	1000	5	48452000
-0.1	4	1000	5	48452000
-1	4	800	500	52112000
-0.5	4	800	500	52112000
-0.3	4	800	500	52112000
-0.1	4	800	500	52112000
-1	4	800	400	52468000
-0.5	4	800	400	52468000
-0.3	4	800	400	52468000
-0.1	4	800	400	52468000
-1	4	800	300	52634000
-0.5	4	800	300	52634000
-0.3	4	800	300	52634000
-0.1	4	800	300	52634000
-1	4	800	200	52872000
-0.5	4	800	200	52872000
-0.3	4	800	200	52872000
-0.1	4	800	200	52872000
-1	4	800	50	49082000
-0.5	4	800	50	49082000
-0.3	4	800	50	49082000
-0.1	4	800	50	49082000
-1	4	800	25	48732000
-0.5	4	800	25	48732000
-0.3	4	800	25	48732000
-0.1	4	800	25	48732000
-1	4	800	10	49108000
-0.5	4	800	10	49108000
-0.3	4	800	10	49108000
-0.1	4	800	10	49108000
-1	4	800	5	48452000
-0.5	4	800	5	48452000
-0.3	4	800	5	48452000
-0.1	4	800	5	48452000
-1	4	600	500	52112000
-0.5	4	600	500	52112000
-0.3	4	600	500	52112000
-0.1	4	600	500	52112000
-1	4	600	400	52468000
-0.5	4	600	400	52468000
-0.3	4	600	400	52468000
-0.1	4	600	400	52468000
-1	4	600	300	52634000
-0.5	4	600	300	52634000
-0.3	4	600	300	52634000
-0.1	4	600	300	52634000
-1	4	600	200	52872000
-0.5	4	600	200	52872000
-0.3	4	600	200	52872000
-0.1	4	600	200	52872000
-1	4	600	50	48984000
-0.5	4	600	50	48984000
-0.3	4	600	50	48984000
-0.1	4	600	50	48984000
-1	4	600	25	48658000
-0.5	4	600	25	48658000
-0.3	4	600	25	48658000
-0.1	4	600	25	48658000
-1	4	600	10	49062000
-0.5	4	600	10	49062000
-0.3	4	600	10	49062000
-0.1	4	600	10	49062000
-1	4	600	5	48414000
-0.5	4	600	5	48414000
-0.3	4	600	5	48414000
-0.1	4	600	5	48414000
-1	4	400	500	52112000
-0.5	4	400	500	52112000
-0.3	4	400	500	52112000
-0.1	4	400	500	52112000
-1	4	400	400	52468000
-0.5	4	400	400	52468000
-0.3	4	400	400	52468000
-0.1	4	400	400	52468000
-1	4	400	300	52634000
-0.5	4	400	300	52634000
-0.3	4	400	300	52634000
-0.1	4	400	300	52634000
-1	4	400	200	52872000
-0.5	4	400	200	52872000
-0.3	4	400	200	52872000
-0.1	4	400	200	52872000
-1	4	400	50	48984000
-0.5	4	400	50	48984000
-0.3	4	400	50	48984000
-0.1	4	400	50	48984000
-1	4	400	25	48658000
-0.5	4	400	25	48658000
-0.3	4	400	25	48658000
-0.1	4	400	25	48658000
-1	4	400	10	49062000
-0.5	4	400	10	49062000
-0.3	4	400	10	49062000
-0.1	4	400	10	49062000
-1	4	400	5	48414000
-0.5	4	400	5	48414000
-0.3	4	400	5	48414000
-0.1	4	400	5	48414000
-1	4	200	500	52112000
-0.5	4	200	500	52112000
-0.3	4	200	500	52112000
-0.1	4	200	500	52112000
-1	4	200	400	52468000
-0.5	4	200	400	52468000
-0.3	4	200	400	52468000
-0.1	4	200	400	52468000
-1	4	200	300	52634000
-0.5	4	200	300	52634000
-0.3	4	200	300	52634000
-0.1	4	200	300	52634000
-1	4	200	200	52872000
-0.5	4	200	200	52872000
-0.3	4	200	200	52872000
-0.1	4	200	200	52872000
-1	4	200	50	48984000
-0.5	4	200	50	48984000
-0.3	4	200	50	48984000
-0.1	4	200	50	48984000
-1	4	200	25	48658000
-0.5	4	200	25	48658000
-0.3	4	200	25	48658000
-0.1	4	200	25	48658000
-1	4	200	10	49062000
-0.5	4	200	10	49062000
-0.3	4	200	10	49062000
-0.1	4	200	10	49062000
-1	4	200	5	48414000
-0.5	4	200	5	48414000
-0.3	4	200	5	48414000
-0.1	4	200	5	48414000
-1	4	100	500	52112000
-0.5	4	100	500	52112000
-0.3	4	100	500	52112000
-0.1	4	100	500	52112000
-1	4	100	400	52468000
-0.5	4	100	400	52468000
-0.3	4	100	400	52468000
-0.1	4	100	400	52468000
-1	4	100	300	52634000
-0.5	4	100	300	52634000
-0.3	4	100	300	52634000
-0.1	4	100	300	52634000
-1	4	100	200	52872000
-0.5	4	100	200	52872000
-0.3	4	100	200	52872000
-0.1	4	100	200	52872000
-1	4	100	50	48984000
-0.5	4	100	50	48984000
-0.3	4	100	50	48984000
-0.1	4	100	50	48984000
-1	4	100	25	48658000
-0.5	4	100	25	48658000
-0.3	4	100	25	48658000
-0.1	4	100	25	48658000
-1	4	100	10	49062000
-0.5	4	100	10	49062000
-0.3	4	100	10	49062000
-0.1	4	100	10	49062000
-1	4	100	5	48414000
-0.5	4	100	5	48414000
-0.3	4	100	5	48414000
-0.1	4	100	5	48414000
-1	4	50	500	52112000
-0.5	4	50	500	52112000
-0.3	4	50	500	52112000
-0.1	4	50	500	52112000
-1	4	50	400	52468000
-0.5	4	50	400	52468000
-0.3	4	50	400	52468000
-0.1	4	50	400	52468000
-1	4	50	300	52634000
-0.5	4	50	300	52634000
-0.3	4	50	300	52634000
-0.1	4	50	300	52634000
-1	4	50	200	52872000
-0.5	4	50	200	52872000
-0.3	4	50	200	52872000
-0.1	4	50	200	52872000
-1	4	50	50	48984000
-0.5	4	50	50	48984000
-0.3	4	50	50	48984000
-0.1	4	50	50	48984000
-1	4	50	25	48658000
-0.5	4	50	25	48658000
-0.3	4	50	25	48658000
-0.1	4	50	25	48658000
-1	4	50	10	49062000
-0.5	4	50	10	49062000
-0.3	4	50	10	49062000
-0.1	4	50	10	49062000
-1	4	50	5	48414000
-0.5	4	50	5	48414000
-0.3	4	50	5	48414000
-0.1	4	50	5	48414000
-1	4	20	500	52112000
-0.5	4	20	500	52112000
-0.3	4	20	500	52112000
-0.1	4	20	500	52112000
-1	4	20	400	52468000
-0.5	4	20	400	52468000
-0.3	4	20	400	52468000
-0.1	4	20	400	52468000
-1	4	20	300	52634000
-0.5	4	20	300	52634000
-0.3	4	20	300	52634000
-0.1	4	20	300	52634000
-1	4	20	200	52872000
-0.5	4	20	200	52872000
-0.3	4	20	200	52872000
-0.1	4	20	200	52872000
-1	4	20	50	48984000
-0.5	4	20	50	48984000
-0.3	4	20	50	48984000
-0.1	4	20	50	48984000
-1	4	20	25	48658000
-0.5	4	20	25	48658000
-0.3	4	20	25	48658000
-0.1	4	20	25	48658000
-1	4	20	10	49062000
-0.5	4	20	10	49062000
-0.3	4	20	10	49062000
-0.1	4	20	10	49062000
-1	4	20	5	48414000
-0.5	4	20	5	48414000
-0.3	4	20	5	48414000
-0.1	4	20	5	48414000
-1	4	10	500	52112000
-0.5	4	10	500	52112000
-0.3	4	10	500	52112000
-0.1	4	10	500	52112000
-1	4	10	400	52468000
-0.5	4	10	400	52468000
-0.3	4	10	400	52468000
-0.1	4	10	400	52468000
-1	4	10	300	52634000
-0.5	4	10	300	52634000
-0.3	4	10	300	52634000
-0.1	4	10	300	52634000
-1	4	10	200	52872000
-0.5	4	10	200	52872000
-0.3	4	10	200	52872000
-0.1	4	10	200	52872000
-1	4	10	50	48984000
-0.5	4	10	50	48984000
-0.3	4	10	50	48984000
-0.1	4	10	50	48984000
-1	4	10	25	48658000
-0.5	4	10	25	48658000
-0.3	4	10	25	48658000
-0.1	4	10	25	48658000
-1	4	10	10	49062000
-0.5	4	10	10	49062000
-0.3	4	10	10	49062000
-0.1	4	10	10	49062000
-1	4	10	5	48414000
-0.5	4	10	5	48414000
-0.3	4	10	5	48414000
-0.1	4	10	5	48414000
-1	6	1000	500	51196000
-0.5	6	1000	500	51196000
-0.3	6	1000	500	51196000
-0.1	6	1000	500	51196000
-1	6	1000	400	51716000
-0.5	6	1000	400	51716000
-0.3	6	1000	400	51716000
-0.1	6	1000	400	51716000
-1	6	1000	300	52624000
-0.5	6	1000	300	52624000
-0.3	6	1000	300	52624000
-0.1	6	1000	300	52624000
-1	6	1000	200	52022000
-0.5	6	1000	200	52022000
-0.3	6	1000	200	52022000
-0.1	6	1000	200	52022000
-1	6	1000	50	52214000
-0.5	6	1000	50	52214000
-0.3	6	1000	50	52214000
-0.1	6	1000	50	52214000
-1	6	1000	25	51360000
-0.5	6	1000	25	51360000
-0.3	6	1000	25	51360000
-0.1	6	1000	25	51360000
-1	6	1000	10	51264000
-0.5	6	1000	10	51264000
-0.3	6	1000	10	51264000
-0.1	6	1000	10	51264000
-1	6	1000	5	51454000
-0.5	6	1000	5	51454000
-0.3	6	1000	5	51454000
-0.1	6	1000	5	51454000
-1	6	800	500	51196000
-0.5	6	800	500	51196000
-0.3	6	800	500	51196000
-0.1	6	800	500	51196000
-1	6	800	400	51250000
-0.5	6	800	400	51250000
-0.3	6	800	400	51250000
-0.1	6	800	400	51250000
-1	6	800	300	52104000
-0.5	6	800	300	52104000
-0.3	6	800	300	52104000
-0.1	6	800	300	52104000
-1	6	800	200	51588000
-0.5	6	800	200	51588000
-0.3	6	800	200	51588000
-0.1	6	800	200	51588000
-1	6	800	50	52208000
-0.5	6	800	50	52208000
-0.3	6	800	50	52208000
-0.1	6	800	50	52208000
-1	6	800	25	51332000
-0.5	6	800	25	51332000
-0.3	6	800	25	51332000
-0.1	6	800	25	51332000
-1	6	800	10	51264000
-0.5	6	800	10	51264000
-0.3	6	800	10	51264000
-0.1	6	800	10	51264000
-1	6	800	5	51454000
-0.5	6	800	5	51454000
-0.3	6	800	5	51454000
-0.1	6	800	5	51454000
-1	6	600	500	51196000
-0.5	6	600	500	51196000
-0.3	6	600	500	51196000
-0.1	6	600	500	51196000
-1	6	600	400	51250000
-0.5	6	600	400	51250000
-0.3	6	600	400	51250000
-0.1	6	600	400	51250000
-1	6	600	300	52214000
-0.5	6	600	300	52214000
-0.3	6	600	300	52214000
-0.1	6	600	300	52214000
-1	6	600	200	50746000
-0.5	6	600	200	50746000
-0.3	6	600	200	50746000
-0.1	6	600	200	50746000
-1	6	600	50	51650000
-0.5	6	600	50	51650000
-0.3	6	600	50	51650000
-0.1	6	600	50	51650000
-1	6	600	25	50774000
-0.5	6	600	25	50774000
-0.3	6	600	25	50774000
-0.1	6	600	25	50774000
-1	6	600	10	50936000
-0.5	6	600	10	50936000
-0.3	6	600	10	50936000
-0.1	6	600	10	50936000
-1	6	600	5	51274000
-0.5	6	600	5	51274000
-0.3	6	600	5	51274000
-0.1	6	600	5	51274000
-1	6	400	500	51196000
-0.5	6	400	500	51196000
-0.3	6	400	500	51196000
-0.1	6	400	500	51196000
-1	6	400	400	51250000
-0.5	6	400	400	51250000
-0.3	6	400	400	51250000
-0.1	6	400	400	51250000
-1	6	400	300	52214000
-0.5	6	400	300	52214000
-0.3	6	400	300	52214000
-0.1	6	400	300	52214000
-1	6	400	200	50500000
-0.5	6	400	200	50500000
-0.3	6	400	200	50500000
-0.1	6	400	200	50500000
-1	6	400	50	51646000
-0.5	6	400	50	51646000
-0.3	6	400	50	51646000
-0.1	6	400	50	51646000
-1	6	400	25	50638000
-0.5	6	400	25	50638000
-0.3	6	400	25	50638000
-0.1	6	400	25	50638000
-1	6	400	10	51022000
-0.5	6	400	10	51022000
-0.3	6	400	10	51022000
-0.1	6	400	10	51022000
-1	6	400	5	51260000
-0.5	6	400	5	51260000
-0.3	6	400	5	51260000
-0.1	6	400	5	51260000
-1	6	200	500	51196000
-0.5	6	200	500	51196000
-0.3	6	200	500	51196000
-0.1	6	200	500	51196000
-1	6	200	400	51250000
-0.5	6	200	400	51250000
-0.3	6	200	400	51250000
-0.1	6	200	400	51250000
-1	6	200	300	52214000
-0.5	6	200	300	52214000
-0.3	6	200	300	52214000
-0.1	6	200	300	52214000
-1	6	200	200	50500000
-0.5	6	200	200	50500000
-0.3	6	200	200	50500000
-0.1	6	200	200	50500000
-1	6	200	50	51622000
-0.5	6	200	50	51622000
-0.3	6	200	50	51622000
-0.1	6	200	50	51622000
-1	6	200	25	50596000
-0.5	6	200	25	50596000
-0.3	6	200	25	50596000
-0.1	6	200	25	50596000
-1	6	200	10	51014000
-0.5	6	200	10	51014000
-0.3	6	200	10	51014000
-0.1	6	200	10	51014000
-1	6	200	5	51258000
-0.5	6	200	5	51258000
-0.3	6	200	5	51258000
-0.1	6	200	5	51258000
-1	6	100	500	51196000
-0.5	6	100	500	51196000
-0.3	6	100	500	51196000
-0.1	6	100	500	51196000
-1	6	100	400	51250000
-0.5	6	100	400	51250000
-0.3	6	100	400	51250000
-0.1	6	100	400	51250000
-1	6	100	300	52214000
-0.5	6	100	300	52214000
-0.3	6	100	300	52214000
-0.1	6	100	300	52214000
-1	6	100	200	50500000
-0.5	6	100	200	50500000
-0.3	6	100	200	50500000
-0.1	6	100	200	50500000
-1	6	100	50	50806000
-0.5	6	100	50	50806000
-0.3	6	100	50	50806000
-0.1	6	100	50	50806000
-1	6	100	25	49936000
-0.5	6	100	25	49936000
-0.3	6	100	25	49936000
-0.1	6	100	25	49936000
-1	6	100	10	50948000
-0.5	6	100	10	50948000
-0.3	6	100	10	50948000
-0.1	6	100	10	50948000
-1	6	100	5	51302000
-0.5	6	100	5	51302000
-0.3	6	100	5	51302000
-0.1	6	100	5	51302000
-1	6	50	500	51196000
-0.5	6	50	500	51196000
-0.3	6	50	500	51196000
-0.1	6	50	500	51196000
-1	6	50	400	51250000
-0.5	6	50	400	51250000
-0.3	6	50	400	51250000
-0.1	6	50	400	51250000
-1	6	50	300	52214000
-0.5	6	50	300	52214000
-0.3	6	50	300	52214000
-0.1	6	50	300	52214000
-1	6	50	200	50500000
-0.5	6	50	200	50500000
-0.3	6	50	200	50500000
-0.1	6	50	200	50500000
-1	6	50	50	50806000
-0.5	6	50	50	50806000
-0.3	6	50	50	50806000
-0.1	6	50	50	50806000
-1	6	50	25	49784000
-0.5	6	50	25	49784000
-0.3	6	50	25	49784000
-0.1	6	50	25	49784000
-1	6	50	10	50796000
-0.5	6	50	10	50796000
-0.3	6	50	10	50796000
-0.1	6	50	10	50796000
-1	6	50	5	51246000
-0.5	6	50	5	51246000
-0.3	6	50	5	51246000
-0.1	6	50	5	51246000
-1	6	20	500	51196000
-0.5	6	20	500	51196000
-0.3	6	20	500	51196000
-0.1	6	20	500	51196000
-1	6	20	400	51250000
-0.5	6	20	400	51250000
-0.3	6	20	400	51250000
-0.1	6	20	400	51250000
-1	6	20	300	52214000
-0.5	6	20	300	52214000
-0.3	6	20	300	52214000
-0.1	6	20	300	52214000
-1	6	20	200	50500000
-0.5	6	20	200	50500000
-0.3	6	20	200	50500000
-0.1	6	20	200	50500000
-1	6	20	50	50806000
-0.5	6	20	50	50806000
-0.3	6	20	50	50806000
-0.1	6	20	50	50806000
-1	6	20	25	49784000
-0.5	6	20	25	49784000
-0.3	6	20	25	49784000
-0.1	6	20	25	49784000
-1	6	20	10	50796000
-0.5	6	20	10	50796000
-0.3	6	20	10	50796000
-0.1	6	20	10	50796000
-1	6	20	5	51272000
-0.5	6	20	5	51272000
-0.3	6	20	5	51272000
-0.1	6	20	5	51272000
-1	6	10	500	51196000
-0.5	6	10	500	51196000
-0.3	6	10	500	51196000
-0.1	6	10	500	51196000
-1	6	10	400	51250000
-0.5	6	10	400	51250000
-0.3	6	10	400	51250000
-0.1	6	10	400	51250000
-1	6	10	300	52214000
-0.5	6	10	300	52214000
-0.3	6	10	300	52214000
-0.1	6	10	300	52214000
-1	6	10	200	50500000
-0.5	6	10	200	50500000
-0.3	6	10	200	50500000
-0.1	6	10	200	50500000
-1	6	10	50	50806000
-0.5	6	10	50	50806000
-0.3	6	10	50	50806000
-0.1	6	10	50	50806000
-1	6	10	25	49784000
-0.5	6	10	25	49784000
-0.3	6	10	25	49784000
-0.1	6	10	25	49784000
-1	6	10	10	50796000
-0.5	6	10	10	50796000
-0.3	6	10	10	50796000
-0.1	6	10	10	50796000
-1	6	10	5	50694000
-0.5	6	10	5	50694000
-0.3	6	10	5	50694000
-0.1	6	10	5	50694000
-1	8	1000	500	51936000
-0.5	8	1000	500	51936000
-0.3	8	1000	500	51936000
-0.1	8	1000	500	51936000
-1	8	1000	400	52522000
-0.5	8	1000	400	52522000
-0.3	8	1000	400	52522000
-0.1	8	1000	400	52522000
-1	8	1000	300	53278000
-0.5	8	1000	300	53278000
-0.3	8	1000	300	53278000
-0.1	8	1000	300	53278000
-1	8	1000	200	51468000
-0.5	8	1000	200	51468000
-0.3	8	1000	200	51468000
-0.1	8	1000	200	51468000
-1	8	1000	50	51120000
-0.5	8	1000	50	51120000
-0.3	8	1000	50	51120000
-0.1	8	1000	50	51120000
-1	8	1000	25	50776000
-0.5	8	1000	25	50776000
-0.3	8	1000	25	50776000
-0.1	8	1000	25	50776000
-1	8	1000	10	50330000
-0.5	8	1000	10	50330000
-0.3	8	1000	10	50330000
-0.1	8	1000	10	50330000
-1	8	1000	5	50024000
-0.5	8	1000	5	50024000
-0.3	8	1000	5	50024000
-0.1	8	1000	5	50024000
-1	8	800	500	51936000
-0.5	8	800	500	51936000
-0.3	8	800	500	51936000
-0.1	8	800	500	51936000
-1	8	800	400	51544000
-0.5	8	800	400	51544000
-0.3	8	800	400	51544000
-0.1	8	800	400	51544000
-1	8	800	300	52140000
-0.5	8	800	300	52140000
-0.3	8	800	300	52140000
-0.1	8	800	300	52140000
-1	8	800	200	50502000
-0.5	8	800	200	50502000
-0.3	8	800	200	50502000
-0.1	8	800	200	50502000
-1	8	800	50	50194000
-0.5	8	800	50	50194000
-0.3	8	800	50	50194000
-0.1	8	800	50	50194000
-1	8	800	25	50602000
-0.5	8	800	25	50602000
-0.3	8	800	25	50602000
-0.1	8	800	25	50602000
-1	8	800	10	50394000
-0.5	8	800	10	50394000
-0.3	8	800	10	50394000
-0.1	8	800	10	50394000
-1	8	800	5	50094000
-0.5	8	800	5	50094000
-0.3	8	800	5	50094000
-0.1	8	800	5	50094000
-1	8	600	500	51936000
-0.5	8	600	500	51936000
-0.3	8	600	500	51936000
-0.1	8	600	500	51936000
-1	8	600	400	51544000
-0.5	8	600	400	51544000
-0.3	8	600	400	51544000
-0.1	8	600	400	51544000
-1	8	600	300	50230000
-0.5	8	600	300	50230000
-0.3	8	600	300	50230000
-0.1	8	600	300	50230000
-1	8	600	200	48752000
-0.5	8	600	200	48752000
-0.3	8	600	200	48752000
-0.1	8	600	200	48752000
-1	8	600	50	49684000
-0.5	8	600	50	49684000
-0.3	8	600	50	49684000
-0.1	8	600	50	49684000
-1	8	600	25	49878000
-0.5	8	600	25	49878000
-0.3	8	600	25	49878000
-0.1	8	600	25	49878000
-1	8	600	10	49842000
-0.5	8	600	10	49842000
-0.3	8	600	10	49842000
-0.1	8	600	10	49842000
-1	8	600	5	49790000
-0.5	8	600	5	49790000
-0.3	8	600	5	49790000
-0.1	8	600	5	49790000
-1	8	400	500	51936000
-0.5	8	400	500	51936000
-0.3	8	400	500	51936000
-0.1	8	400	500	51936000
-1	8	400	400	51544000
-0.5	8	400	400	51544000
-0.3	8	400	400	51544000
-0.1	8	400	400	51544000
-1	8	400	300	50230000
-0.5	8	400	300	50230000
-0.3	8	400	300	50230000
-0.1	8	400	300	50230000
-1	8	400	200	48404000
-0.5	8	400	200	48404000
-0.3	8	400	200	48404000
-0.1	8	400	200	48404000
-1	8	400	50	49302000
-0.5	8	400	50	49302000
-0.3	8	400	50	49302000
-0.1	8	400	50	49302000
-1	8	400	25	50430000
-0.5	8	400	25	50430000
-0.3	8	400	25	50430000
-0.1	8	400	25	50430000
-1	8	400	10	50016000
-0.5	8	400	10	50016000
-0.3	8	400	10	50016000
-0.1	8	400	10	50016000
-1	8	400	5	49812000
-0.5	8	400	5	49812000
-0.3	8	400	5	49812000
-0.1	8	400	5	49812000
-1	8	200	500	51936000
-0.5	8	200	500	51936000
-0.3	8	200	500	51936000
-0.1	8	200	500	51936000
-1	8	200	400	51544000
-0.5	8	200	400	51544000
-0.3	8	200	400	51544000
-0.1	8	200	400	51544000
-1	8	200	300	50230000
-0.5	8	200	300	50230000
-0.3	8	200	300	50230000
-0.1	8	200	300	50230000
-1	8	200	200	48404000
-0.5	8	200	200	48404000
-0.3	8	200	200	48404000
-0.1	8	200	200	48404000
-1	8	200	50	47328000
-0.5	8	200	50	47328000
-0.3	8	200	50	47328000
-0.1	8	200	50	47328000
-1	8	200	25	48672000
-0.5	8	200	25	48672000
-0.3	8	200	25	48672000
-0.1	8	200	25	48672000
-1	8	200	10	48892000
-0.5	8	200	10	48892000
-0.3	8	200	10	48892000
-0.1	8	200	10	48892000
-1	8	200	5	49806000
-0.5	8	200	5	49806000
-0.3	8	200	5	49806000
-0.1	8	200	5	49806000
-1	8	100	500	51936000
-0.5	8	100	500	51936000
-0.3	8	100	500	51936000
-0.1	8	100	500	51936000
-1	8	100	400	51544000
-0.5	8	100	400	51544000
-0.3	8	100	400	51544000
-0.1	8	100	400	51544000
-1	8	100	300	50230000
-0.5	8	100	300	50230000
-0.3	8	100	300	50230000
-0.1	8	100	300	50230000
-1	8	100	200	48404000
-0.5	8	100	200	48404000
-0.3	8	100	200	48404000
-0.1	8	100	200	48404000
-1	8	100	50	45006000
-0.5	8	100	50	45006000
-0.3	8	100	50	45006000
-0.1	8	100	50	45006000
-1	8	100	25	45914000
-0.5	8	100	25	45914000
-0.3	8	100	25	45914000
-0.1	8	100	25	45914000
-1	8	100	10	47752000
-0.5	8	100	10	47752000
-0.3	8	100	10	47752000
-0.1	8	100	10	47752000
-1	8	100	5	48706000
-0.5	8	100	5	48706000
-0.3	8	100	5	48706000
-0.1	8	100	5	48706000
-1	8	50	500	51936000
-0.5	8	50	500	51936000
-0.3	8	50	500	51936000
-0.1	8	50	500	51936000
-1	8	50	400	51544000
-0.5	8	50	400	51544000
-0.3	8	50	400	51544000
-0.1	8	50	400	51544000
-1	8	50	300	50230000
-0.5	8	50	300	50230000
-0.3	8	50	300	50230000
-0.1	8	50	300	50230000
-1	8	50	200	48404000
-0.5	8	50	200	48404000
-0.3	8	50	200	48404000
-0.1	8	50	200	48404000
-1	8	50	50	45006000
-0.5	8	50	50	45006000
-0.3	8	50	50	45006000
-0.1	8	50	50	45006000
-1	8	50	25	45288000
-0.5	8	50	25	45288000
-0.3	8	50	25	45288000
-0.1	8	50	25	45288000
-1	8	50	10	46216000
-0.5	8	50	10	46216000
-0.3	8	50	10	46216000
-0.1	8	50	10	46216000
-1	8	50	5	47774000
-0.5	8	50	5	47774000
-0.3	8	50	5	47774000
-0.1	8	50	5	47774000
-1	8	20	500	51936000
-0.5	8	20	500	51936000
-0.3	8	20	500	51936000
-0.1	8	20	500	51936000
-1	8	20	400	51544000
-0.5	8	20	400	51544000
-0.3	8	20	400	51544000
-0.1	8	20	400	51544000
-1	8	20	300	50230000
-0.5	8	20	300	50230000
-0.3	8	20	300	50230000
-0.1	8	20	300	50230000
-1	8	20	200	48404000
-0.5	8	20	200	48404000
-0.3	8	20	200	48404000
-0.1	8	20	200	48404000
-1	8	20	50	45006000
-0.5	8	20	50	45006000
-0.3	8	20	50	45006000
-0.1	8	20	50	45006000
-1	8	20	25	45288000
-0.5	8	20	25	45288000
-0.3	8	20	25	45288000
-0.1	8	20	25	45288000
-1	8	20	10	44690000
-0.5	8	20	10	44690000
-0.3	8	20	10	44690000
-0.1	8	20	10	44690000
-1	8	20	5	46902000
-0.5	8	20	5	46902000
-0.3	8	20	5	46902000
-0.1	8	20	5	46902000
-1	8	10	500	51936000
-0.5	8	10	500	51936000
-0.3	8	10	500	51936000
-0.1	8	10	500	51936000
-1	8	10	400	51544000
-0.5	8	10	400	51544000
-0.3	8	10	400	51544000
-0.1	8	10	400	51544000
-1	8	10	300	50230000
-0.5	8	10	300	50230000
-0.3	8	10	300	50230000
-0.1	8	10	300	50230000
-1	8	10	200	48404000
-0.5	8	10	200	48404000
-0.3	8	10	200	48404000
-0.1	8	10	200	48404000
-1	8	10	50	45006000
-0.5	8	10	50	45006000
-0.3	8	10	50	45006000
-0.1	8	10	50	45006000
-1	8	10	25	45288000
-0.5	8	10	25	45288000
-0.3	8	10	25	45288000
-0.1	8	10	25	45288000
-1	8	10	10	44690000
-0.5	8	10	10	44690000
-0.3	8	10	10	44690000
-0.1	8	10	10	44690000
-1	8	10	5	45254000
-0.5	8	10	5	45254000
-0.3	8	10	5	45254000
-0.1	8	10	5	45254000
-1	10	1000	500	52094000
-0.5	10	1000	500	52094000
-0.3	10	1000	500	52094000
-0.1	10	1000	500	52094000
-1	10	1000	400	51710000
-0.5	10	1000	400	51710000
-0.3	10	1000	400	51710000
-0.1	10	1000	400	51710000
-1	10	1000	300	52692000
-0.5	10	1000	300	52692000
-0.3	10	1000	300	52692000
-0.1	10	1000	300	52692000
-1	10	1000	200	51840000
-0.5	10	1000	200	51840000
-0.3	10	1000	200	51840000
-0.1	10	1000	200	51840000
-1	10	1000	50	49820000
-0.5	10	1000	50	49820000
-0.3	10	1000	50	49820000
-0.1	10	1000	50	49820000
-1	10	1000	25	49272000
-0.5	10	1000	25	49272000
-0.3	10	1000	25	49272000
-0.1	10	1000	25	49272000
-1	10	1000	10	47780000
-0.5	10	1000	10	47780000
-0.3	10	1000	10	47780000
-0.1	10	1000	10	47780000
-1	10	1000	5	49622000
-0.5	10	1000	5	49622000
-0.3	10	1000	5	49622000
-0.1	10	1000	5	49622000
-1	10	800	500	52094000
-0.5	10	800	500	52094000
-0.3	10	800	500	52094000
-0.1	10	800	500	52094000
-1	10	800	400	50154000
-0.5	10	800	400	50154000
-0.3	10	800	400	50154000
-0.1	10	800	400	50154000
-1	10	800	300	50986000
-0.5	10	800	300	50986000
-0.3	10	800	300	50986000
-0.1	10	800	300	50986000
-1	10	800	200	50544000
-0.5	10	800	200	50544000
-0.3	10	800	200	50544000
-0.1	10	800	200	50544000
-1	10	800	50	48036000
-0.5	10	800	50	48036000
-0.3	10	800	50	48036000
-0.1	10	800	50	48036000
-1	10	800	25	49538000
-0.5	10	800	25	49538000
-0.3	10	800	25	49538000
-0.1	10	800	25	49538000
-1	10	800	10	47848000
-0.5	10	800	10	47848000
-0.3	10	800	10	47848000
-0.1	10	800	10	47848000
-1	10	800	5	49722000
-0.5	10	800	5	49722000
-0.3	10	800	5	49722000
-0.1	10	800	5	49722000
-1	10	600	500	52094000
-0.5	10	600	500	52094000
-0.3	10	600	500	52094000
-0.1	10	600	500	52094000
-1	10	600	400	50154000
-0.5	10	600	400	50154000
-0.3	10	600	400	50154000
-0.1	10	600	400	50154000
-1	10	600	300	48684000
-0.5	10	600	300	48684000
-0.3	10	600	300	48684000
-0.1	10	600	300	48684000
-1	10	600	200	48654000
-0.5	10	600	200	48654000
-0.3	10	600	200	48654000
-0.1	10	600	200	48654000
-1	10	600	50	48156000
-0.5	10	600	50	48156000
-0.3	10	600	50	48156000
-0.1	10	600	50	48156000
-1	10	600	25	48454000
-0.5	10	600	25	48454000
-0.3	10	600	25	48454000
-0.1	10	600	25	48454000
-1	10	600	10	46610000
-0.5	10	600	10	46610000
-0.3	10	600	10	46610000
-0.1	10	600	10	46610000
-1	10	600	5	49268000
-0.5	10	600	5	49268000
-0.3	10	600	5	49268000
-0.1	10	600	5	49268000
-1	10	400	500	52094000
-0.5	10	400	500	52094000
-0.3	10	400	500	52094000
-0.1	10	400	500	52094000
-1	10	400	400	50154000
-0.5	10	400	400	50154000
-0.3	10	400	400	50154000
-0.1	10	400	400	50154000
-1	10	400	300	48684000
-0.5	10	400	300	48684000
-0.3	10	400	300	48684000
-0.1	10	400	300	48684000
-1	10	400	200	47870000
-0.5	10	400	200	47870000
-0.3	10	400	200	47870000
-0.1	10	400	200	47870000
-1	10	400	50	47268000
-0.5	10	400	50	47268000
-0.3	10	400	50	47268000
-0.1	10	400	50	47268000
-1	10	400	25	48224000
-0.5	10	400	25	48224000
-0.3	10	400	25	48224000
-0.1	10	400	25	48224000
-1	10	400	10	47586000
-0.5	10	400	10	47586000
-0.3	10	400	10	47586000
-0.1	10	400	10	47586000
-1	10	400	5	49176000
-0.5	10	400	5	49176000
-0.3	10	400	5	49176000
-0.1	10	400	5	49176000
-1	10	200	500	52094000
-0.5	10	200	500	52094000
-0.3	10	200	500	52094000
-0.1	10	200	500	52094000
-1	10	200	400	50154000
-0.5	10	200	400	50154000
-0.3	10	200	400	50154000
-0.1	10	200	400	50154000
-1	10	200	300	48684000
-0.5	10	200	300	48684000
-0.3	10	200	300	48684000
-0.1	10	200	300	48684000
-1	10	200	200	47870000
-0.5	10	200	200	47870000
-0.3	10	200	200	47870000
-0.1	10	200	200	47870000
-1	10	200	50	44362000
-0.5	10	200	50	44362000
-0.3	10	200	50	44362000
-0.1	10	200	50	44362000
-1	10	200	25	44984000
-0.5	10	200	25	44984000
-0.3	10	200	25	44984000
-0.1	10	200	25	44984000
-1	10	200	10	46286000
-0.5	10	200	10	46286000
-0.3	10	200	10	46286000
-0.1	10	200	10	46286000
-1	10	200	5	48374000
-0.5	10	200	5	48374000
-0.3	10	200	5	48374000
-0.1	10	200	5	48374000
-1	10	100	500	52094000
-0.5	10	100	500	52094000
-0.3	10	100	500	52094000
-0.1	10	100	500	52094000
-1	10	100	400	50154000
-0.5	10	100	400	50154000
-0.3	10	100	400	50154000
-0.1	10	100	400	50154000
-1	10	100	300	48684000
-0.5	10	100	300	48684000
-0.3	10	100	300	48684000
-0.1	10	100	300	48684000
-1	10	100	200	47870000
-0.5	10	100	200	47870000
-0.3	10	100	200	47870000
-0.1	10	100	200	47870000
-1	10	100	50	41418000
-0.5	10	100	50	41418000
-0.3	10	100	50	41418000
-0.1	10	100	50	41418000
-1	10	100	25	41238000
-0.5	10	100	25	41238000
-0.3	10	100	25	41238000
-0.1	10	100	25	41238000
-1	10	100	10	44904000
-0.5	10	100	10	44904000
-0.3	10	100	10	44904000
-0.1	10	100	10	44904000
-1	10	100	5	45932000
-0.5	10	100	5	45932000
-0.3	10	100	5	45932000
-0.1	10	100	5	45932000
-1	10	50	500	52094000
-0.5	10	50	500	52094000
-0.3	10	50	500	52094000
-0.1	10	50	500	52094000
-1	10	50	400	50154000
-0.5	10	50	400	50154000
-0.3	10	50	400	50154000
-0.1	10	50	400	50154000
-1	10	50	300	48684000
-0.5	10	50	300	48684000
-0.3	10	50	300	48684000
-0.1	10	50	300	48684000
-1	10	50	200	47870000
-0.5	10	50	200	47870000
-0.3	10	50	200	47870000
-0.1	10	50	200	47870000
-1	10	50	50	41418000
-0.5	10	50	50	41418000
-0.3	10	50	50	41418000
-0.1	10	50	50	41418000
-1	10	50	25	39254000
-0.5	10	50	25	39254000
-0.3	10	50	25	39254000
-0.1	10	50	25	39254000
-1	10	50	10	42660000
-0.5	10	50	10	42660000
-0.3	10	50	10	42660000
-0.1	10	50	10	42660000
-1	10	50	5	45002000
-0.5	10	50	5	45002000
-0.3	10	50	5	45002000
-0.1	10	50	5	45002000
-1	10	20	500	52094000
-0.5	10	20	500	52094000
-0.3	10	20	500	52094000
-0.1	10	20	500	52094000
-1	10	20	400	50154000
-0.5	10	20	400	50154000
-0.3	10	20	400	50154000
-0.1	10	20	400	50154000
-1	10	20	300	48684000
-0.5	10	20	300	48684000
-0.3	10	20	300	48684000
-0.1	10	20	300	48684000
-1	10	20	200	47870000
-0.5	10	20	200	47870000
-0.3	10	20	200	47870000
-0.1	10	20	200	47870000
-1	10	20	50	41418000
-0.5	10	20	50	41418000
-0.3	10	20	50	41418000
-0.1	10	20	50	41418000
-1	10	20	25	39254000
-0.5	10	20	25	39254000
-0.3	10	20	25	39254000
-0.1	10	20	25	39254000
-1	10	20	10	40582000
-0.5	10	20	10	40582000
-0.3	10	20	10	40582000
-0.1	10	20	10	40582000
-1	10	20	5	43862000
-0.5	10	20	5	43862000
-0.3	10	20	5	43862000
-0.1	10	20	5	43862000
-1	10	10	500	52094000
-0.5	10	10	500	52094000
-0.3	10	10	500	52094000
-0.1	10	10	500	52094000
-1	10	10	400	50154000
-0.5	10	10	400	50154000
-0.3	10	10	400	50154000
-0.1	10	10	400	50154000
-1	10	10	300	48684000
-0.5	10	10	300	48684000
-0.3	10	10	300	48684000
-0.1	10	10	300	48684000
-1	10	10	200	47870000
-0.5	10	10	200	47870000
-0.3	10	10	200	47870000
-0.1	10	10	200	47870000
-1	10	10	50	41418000
-0.5	10	10	50	41418000
-0.3	10	10	50	41418000
-0.1	10	10	50	41418000
-1	10	10	25	39254000
-0.5	10	10	25	39254000
-0.3	10	10	25	39254000
-0.1	10	10	25	39254000
-1	10	10	10	40582000
-0.5	10	10	10	40582000
-0.3	10	10	10	40582000
-0.1	10	10	10	40582000
-1	10	10	5	41844000
-0.5	10	10	5	41844000
-0.3	10	10	5	41844000
-0.1	10	10	5	41844000
-1	12	1000	500	51910000
-0.5	12	1000	500	51910000
-0.3	12	1000	500	51910000
-0.1	12	1000	500	51910000
-1	12	1000	400	51710000
-0.5	12	1000	400	51710000
-0.3	12	1000	400	51710000
-0.1	12	1000	400	51710000
-1	12	1000	300	52692000
-0.5	12	1000	300	52692000
-0.3	12	1000	300	52692000
-0.1	12	1000	300	52692000
-1	12	1000	200	51062000
-0.5	12	1000	200	51062000
-0.3	12	1000	200	51062000
-0.1	12	1000	200	51062000
-1	12	1000	50	49412000
-0.5	12	1000	50	49412000
-0.3	12	1000	50	49412000
-0.1	12	1000	50	49412000
-1	12	1000	25	48424000
-0.5	12	1000	25	48424000
-0.3	12	1000	25	48424000
-0.1	12	1000	25	48424000
-1	12	1000	10	47932000
-0.5	12	1000	10	47932000
-0.3	12	1000	10	47932000
-0.1	12	1000	10	47932000
-1	12	1000	5	48714000
-0.5	12	1000	5	48714000
-0.3	12	1000	5	48714000
-0.1	12	1000	5	48714000
-1	12	800	500	51910000
-0.5	12	800	500	51910000
-0.3	12	800	500	51910000
-0.1	12	800	500	51910000
-1	12	800	400	50154000
-0.5	12	800	400	50154000
-0.3	12	800	400	50154000
-0.1	12	800	400	50154000
-1	12	800	300	50986000
-0.5	12	800	300	50986000
-0.3	12	800	300	50986000
-0.1	12	800	300	50986000
-1	12	800	200	49766000
-0.5	12	800	200	49766000
-0.3	12	800	200	49766000
-0.1	12	800	200	49766000
-1	12	800	50	47622000
-0.5	12	800	50	47622000
-0.3	12	800	50	47622000
-0.1	12	800	50	47622000
-1	12	800	25	48224000
-0.5	12	800	25	48224000
-0.3	12	800	25	48224000
-0.1	12	800	25	48224000
-1	12	800	10	47400000
-0.5	12	800	10	47400000
-0.3	12	800	10	47400000
-0.1	12	800	10	47400000
-1	12	800	5	48132000
-0.5	12	800	5	48132000
-0.3	12	800	5	48132000
-0.1	12	800	5	48132000
-1	12	600	500	51910000
-0.5	12	600	500	51910000
-0.3	12	600	500	51910000
-0.1	12	600	500	51910000
-1	12	600	400	50154000
-0.5	12	600	400	50154000
-0.3	12	600	400	50154000
-0.1	12	600	400	50154000
-1	12	600	300	48684000
-0.5	12	600	300	48684000
-0.3	12	600	300	48684000
-0.1	12	600	300	48684000
-1	12	600	200	47876000
-0.5	12	600	200	47876000
-0.3	12	600	200	47876000
-0.1	12	600	200	47876000
-1	12	600	50	4.7e+07
-0.5	12	600	50	4.7e+07
-0.3	12	600	50	4.7e+07
-0.1	12	600	50	4.7e+07
-1	12	600	25	47198000
-0.5	12	600	25	47198000
-0.3	12	600	25	47198000
-0.1	12	600	25	47198000
-1	12	600	10	46250000
-0.5	12	600	10	46250000
-0.3	12	600	10	46250000
-0.1	12	600	10	46250000
-1	12	600	5	47372000
-0.5	12	600	5	47372000
-0.3	12	600	5	47372000
-0.1	12	600	5	47372000
-1	12	400	500	51910000
-0.5	12	400	500	51910000
-0.3	12	400	500	51910000
-0.1	12	400	500	51910000
-1	12	400	400	50154000
-0.5	12	400	400	50154000
-0.3	12	400	400	50154000
-0.1	12	400	400	50154000
-1	12	400	300	48684000
-0.5	12	400	300	48684000
-0.3	12	400	300	48684000
-0.1	12	400	300	48684000
-1	12	400	200	46990000
-0.5	12	400	200	46990000
-0.3	12	400	200	46990000
-0.1	12	400	200	46990000
-1	12	400	50	45766000
-0.5	12	400	50	45766000
-0.3	12	400	50	45766000
-0.1	12	400	50	45766000
-1	12	400	25	46816000
-0.5	12	400	25	46816000
-0.3	12	400	25	46816000
-0.1	12	400	25	46816000
-1	12	400	10	46320000
-0.5	12	400	10	46320000
-0.3	12	400	10	46320000
-0.1	12	400	10	46320000
-1	12	400	5	47754000
-0.5	12	400	5	47754000
-0.3	12	400	5	47754000
-0.1	12	400	5	47754000
-1	12	200	500	51910000
-0.5	12	200	500	51910000
-0.3	12	200	500	51910000
-0.1	12	200	500	51910000
-1	12	200	400	50154000
-0.5	12	200	400	50154000
-0.3	12	200	400	50154000
-0.1	12	200	400	50154000
-1	12	200	300	48684000
-0.5	12	200	300	48684000
-0.3	12	200	300	48684000
-0.1	12	200	300	48684000
-1	12	200	200	46990000
-0.5	12	200	200	46990000
-0.3	12	200	200	46990000
-0.1	12	200	200	46990000
-1	12	200	50	42752000
-0.5	12	200	50	42752000
-0.3	12	200	50	42752000
-0.1	12	200	50	42752000
-1	12	200	25	42668000
-0.5	12	200	25	42668000
-0.3	12	200	25	42668000
-0.1	12	200	25	42668000
-1	12	200	10	43890000
-0.5	12	200	10	43890000
-0.3	12	200	10	43890000
-0.1	12	200	10	43890000
-1	12	200	5	45796000
-0.5	12	200	5	45796000
-0.3	12	200	5	45796000
-0.1	12	200	5	45796000
-1	12	100	500	51910000
-0.5	12	100	500	51910000
-0.3	12	100	500	51910000
-0.1	12	100	500	51910000
-1	12	100	400	50154000
-0.5	12	100	400	50154000
-0.3	12	100	400	50154000
-0.1	12	100	400	50154000
-1	12	100	300	48684000
-0.5	12	100	300	48684000
-0.3	12	100	300	48684000
-0.1	12	100	300	48684000
-1	12	100	200	46990000
-0.5	12	100	200	46990000
-0.3	12	100	200	46990000
-0.1	12	100	200	46990000
-1	12	100	50	38996000
-0.5	12	100	50	38996000
-0.3	12	100	50	38996000
-0.1	12	100	50	38996000
-1	12	100	25	37030000
-0.5	12	100	25	37030000
-0.3	12	100	25	37030000
-0.1	12	100	25	37030000
-1	12	100	10	40756000
-0.5	12	100	10	40756000
-0.3	12	100	10	40756000
-0.1	12	100	10	40756000
-1	12	100	5	41734000
-0.5	12	100	5	41734000
-0.3	12	100	5	41734000
-0.1	12	100	5	41734000
-1	12	50	500	51910000
-0.5	12	50	500	51910000
-0.3	12	50	500	51910000
-0.1	12	50	500	51910000
-1	12	50	400	50154000
-0.5	12	50	400	50154000
-0.3	12	50	400	50154000
-0.1	12	50	400	50154000
-1	12	50	300	48684000
-0.5	12	50	300	48684000
-0.3	12	50	300	48684000
-0.1	12	50	300	48684000
-1	12	50	200	46990000
-0.5	12	50	200	46990000
-0.3	12	50	200	46990000
-0.1	12	50	200	46990000
-1	12	50	50	38996000
-0.5	12	50	50	38996000
-0.3	12	50	50	38996000
-0.1	12	50	50	38996000
-1	12	50	25	34192000
-0.5	12	50	25	34192000
-0.3	12	50	25	34192000
-0.1	12	50	25	34192000
-1	12	50	10	36950000
-0.5	12	50	10	36950000
-0.3	12	50	10	36950000
-0.1	12	50	10	36950000
-1	12	50	5	39572000
-0.5	12	50	5	39572000
-0.3	12	50	5	39572000
-0.1	12	50	5	39572000
-1	12	20	500	51910000
-0.5	12	20	500	51910000
-0.3	12	20	500	51910000
-0.1	12	20	500	51910000
-1	12	20	400	50154000
-0.5	12	20	400	50154000
-0.3	12	20	400	50154000
-0.1	12	20	400	50154000
-1	12	20	300	48684000
-0.5	12	20	300	48684000
-0.3	12	20	300	48684000
-0.1	12	20	300	48684000
-1	12	20	200	46990000
-0.5	12	20	200	46990000
-0.3	12	20	200	46990000
-0.1	12	20	200	46990000
-1	12	20	50	38996000
-0.5	12	20	50	38996000
-0.3	12	20	50	38996000
-0.1	12	20	50	38996000
-1	12	20	25	34192000
-0.5	12	20	25	34192000
-0.3	12	20	25	34192000
-0.1	12	20	25	34192000
-1	12	20	10	34168000
-0.5	12	20	10	34168000
-0.3	12	20	10	34168000
-0.1	12	20	10	34168000
-1	12	20	5	37450000
-0.5	12	20	5	37450000
-0.3	12	20	5	37450000
-0.1	12	20	5	37450000
-1	12	10	500	51910000
-0.5	12	10	500	51910000
-0.3	12	10	500	51910000
-0.1	12	10	500	51910000
-1	12	10	400	50154000
-0.5	12	10	400	50154000
-0.3	12	10	400	50154000
-0.1	12	10	400	50154000
-1	12	10	300	48684000
-0.5	12	10	300	48684000
-0.3	12	10	300	48684000
-0.1	12	10	300	48684000
-1	12	10	200	46990000
-0.5	12	10	200	46990000
-0.3	12	10	200	46990000
-0.1	12	10	200	46990000
-1	12	10	50	38996000
-0.5	12	10	50	38996000
-0.3	12	10	50	38996000
-0.1	12	10	50	38996000
-1	12	10	25	34192000
-0.5	12	10	25	34192000
-0.3	12	10	25	34192000
-0.1	12	10	25	34192000
-1	12	10	10	34168000
-0.5	12	10	10	34168000
-0.3	12	10	10	34168000
-0.1	12	10	10	34168000
-1	12	10	5	34700000
-0.5	12	10	5	34700000
-0.3	12	10	5	34700000
-0.1	12	10	5	34700000
-1	14	1000	500	51910000
-0.5	14	1000	500	51910000
-0.3	14	1000	500	51910000
-0.1	14	1000	500	51910000
-1	14	1000	400	51710000
-0.5	14	1000	400	51710000
-0.3	14	1000	400	51710000
-0.1	14	1000	400	51710000
-1	14	1000	300	52692000
-0.5	14	1000	300	52692000
-0.3	14	1000	300	52692000
-0.1	14	1000	300	52692000
-1	14	1000	200	51062000
-0.5	14	1000	200	51062000
-0.3	14	1000	200	51062000
-0.1	14	1000	200	51062000
-1	14	1000	50	49086000
-0.5	14	1000	50	49086000
-0.3	14	1000	50	49086000
-0.1	14	1000	50	49086000
-1	14	1000	25	48208000
-0.5	14	1000	25	48208000
-0.3	14	1000	25	48208000
-0.1	14	1000	25	48208000
-1	14	1000	10	48050000
-0.5	14	1000	10	48050000
-0.3	14	1000	10	48050000
-0.1	14	1000	10	48050000
-1	14	1000	5	48946000
-0.5	14	1000	5	48946000
-0.3	14	1000	5	48946000
-0.1	14	1000	5	48946000
-1	14	800	500	51910000
-0.5	14	800	500	51910000
-0.3	14	800	500	51910000
-0.1	14	800	500	51910000
-1	14	800	400	50154000
-0.5	14	800	400	50154000
-0.3	14	800	400	50154000
-0.1	14	800	400	50154000
-1	14	800	300	50986000
-0.5	14	800	300	50986000
-0.3	14	800	300	50986000
-0.1	14	800	300	50986000
-1	14	800	200	49766000
-0.5	14	800	200	49766000
-0.3	14	800	200	49766000
-0.1	14	800	200	49766000
-1	14	800	50	47184000
-0.5	14	800	50	47184000
-0.3	14	800	50	47184000
-0.1	14	800	50	47184000
-1	14	800	25	48104000
-0.5	14	800	25	48104000
-0.3	14	800	25	48104000
-0.1	14	800	25	48104000
-1	14	800	10	47026000
-0.5	14	800	10	47026000
-0.3	14	800	10	47026000
-0.1	14	800	10	47026000
-1	14	800	5	48708000
-0.5	14	800	5	48708000
-0.3	14	800	5	48708000
-0.1	14	800	5	48708000
-1	14	600	500	51910000
-0.5	14	600	500	51910000
-0.3	14	600	500	51910000
-0.1	14	600	500	51910000
-1	14	600	400	50154000
-0.5	14	600	400	50154000
-0.3	14	600	400	50154000
-0.1	14	600	400	50154000
-1	14	600	300	48684000
-0.5	14	600	300	48684000
-0.3	14	600	300	48684000
-0.1	14	600	300	48684000
-1	14	600	200	47876000
-0.5	14	600	200	47876000
-0.3	14	600	200	47876000
-0.1	14	600	200	47876000
-1	14	600	50	46476000
-0.5	14	600	50	46476000
-0.3	14	600	50	46476000
-0.1	14	600	50	46476000
-1	14	600	25	46788000
-0.5	14	600	25	46788000
-0.3	14	600	25	46788000
-0.1	14	600	25	46788000
-1	14	600	10	46368000
-0.5	14	600	10	46368000
-0.3	14	600	10	46368000
-0.1	14	600	10	46368000
-1	14	600	5	47134000
-0.5	14	600	5	47134000
-0.3	14	600	5	47134000
-0.1	14	600	5	47134000
-1	14	400	500	51910000
-0.5	14	400	500	51910000
-0.3	14	400	500	51910000
-0.1	14	400	500	51910000
-1	14	400	400	50154000
-0.5	14	400	400	50154000
-0.3	14	400	400	50154000
-0.1	14	400	400	50154000
-1	14	400	300	48684000
-0.5	14	400	300	48684000
-0.3	14	400	300	48684000
-0.1	14	400	300	48684000
-1	14	400	200	46990000
-0.5	14	400	200	46990000
-0.3	14	400	200	46990000
-0.1	14	400	200	46990000
-1	14	400	50	44924000
-0.5	14	400	50	44924000
-0.3	14	400	50	44924000
-0.1	14	400	50	44924000
-1	14	400	25	46542000
-0.5	14	400	25	46542000
-0.3	14	400	25	46542000
-0.1	14	400	25	46542000
-1	14	400	10	46660000
-0.5	14	400	10	46660000
-0.3	14	400	10	46660000
-0.1	14	400	10	46660000
-1	14	400	5	46994000
-0.5	14	400	5	46994000
-0.3	14	400	5	46994000
-0.1	14	400	5	46994000
-1	14	200	500	51910000
-0.5	14	200	500	51910000
-0.3	14	200	500	51910000
-0.1	14	200	500	51910000
-1	14	200	400	50154000
-0.5	14	200	400	50154000
-0.3	14	200	400	50154000
-0.1	14	200	400	50154000
-1	14	200	300	48684000
-0.5	14	200	300	48684000
-0.3	14	200	300	48684000
-0.1	14	200	300	48684000
-1	14	200	200	46990000
-0.5	14	200	200	46990000
-0.3	14	200	200	46990000
-0.1	14	200	200	46990000
-1	14	200	50	40960000
-0.5	14	200	50	40960000
-0.3	14	200	50	40960000
-0.1	14	200	50	40960000
-1	14	200	25	42124000
-0.5	14	200	25	42124000
-0.3	14	200	25	42124000
-0.1	14	200	25	42124000
-1	14	200	10	43144000
-0.5	14	200	10	43144000
-0.3	14	200	10	43144000
-0.1	14	200	10	43144000
-1	14	200	5	44622000
-0.5	14	200	5	44622000
-0.3	14	200	5	44622000
-0.1	14	200	5	44622000
-1	14	100	500	51910000
-0.5	14	100	500	51910000
-0.3	14	100	500	51910000
-0.1	14	100	500	51910000
-1	14	100	400	50154000
-0.5	14	100	400	50154000
-0.3	14	100	400	50154000
-0.1	14	100	400	50154000
-1	14	100	300	48684000
-0.5	14	100	300	48684000
-0.3	14	100	300	48684000
-0.1	14	100	300	48684000
-1	14	100	200	46990000
-0.5	14	100	200	46990000
-0.3	14	100	200	46990000
-0.1	14	100	200	46990000
-1	14	100	50	37634000
-0.5	14	100	50	37634000
-0.3	14	100	50	37634000
-0.1	14	100	50	37634000
-1	14	100	25	36436000
-0.5	14	100	25	36436000
-0.3	14	100	25	36436000
-0.1	14	100	25	36436000
-1	14	100	10	39556000
-0.5	14	100	10	39556000
-0.3	14	100	10	39556000
-0.1	14	100	10	39556000
-1	14	100	5	38362000
-0.5	14	100	5	38362000
-0.3	14	100	5	38362000
-0.1	14	100	5	38362000
-1	14	50	500	51910000
-0.5	14	50	500	51910000
-0.3	14	50	500	51910000
-0.1	14	50	500	51910000
-1	14	50	400	50154000
-0.5	14	50	400	50154000
-0.3	14	50	400	50154000
-0.1	14	50	400	50154000
-1	14	50	300	48684000
-0.5	14	50	300	48684000
-0.3	14	50	300	48684000
-0.1	14	50	300	48684000
-1	14	50	200	46990000
-0.5	14	50	200	46990000
-0.3	14	50	200	46990000
-0.1	14	50	200	46990000
-1	14	50	50	37634000
-0.5	14	50	50	37634000
-0.3	14	50	50	37634000
-0.1	14	50	50	37634000
-1	14	50	25	33616000
-0.5	14	50	25	33616000
-0.3	14	50	25	33616000
-0.1	14	50	25	33616000
-1	14	50	10	33770000
-0.5	14	50	10	33770000
-0.3	14	50	10	33770000
-0.1	14	50	10	33770000
-1	14	50	5	35502000
-0.5	14	50	5	35502000
-0.3	14	50	5	35502000
-0.1	14	50	5	35502000
-1	14	20	500	51910000
-0.5	14	20	500	51910000
-0.3	14	20	500	51910000
-0.1	14	20	500	51910000
-1	14	20	400	50154000
-0.5	14	20	400	50154000
-0.3	14	20	400	50154000
-0.1	14	20	400	50154000
-1	14	20	300	48684000
-0.5	14	20	300	48684000
-0.3	14	20	300	48684000
-0.1	14	20	300	48684000
-1	14	20	200	46990000
-0.5	14	20	200	46990000
-0.3	14	20	200	46990000
-0.1	14	20	200	46990000
-1	14	20	50	37634000
-0.5	14	20	50	37634000
-0.3	14	20	50	37634000
-0.1	14	20	50	37634000
-1	14	20	25	33616000
-0.5	14	20	25	33616000
-0.3	14	20	25	33616000
-0.1	14	20	25	33616000
-1	14	20	10	30294000
-0.5	14	20	10	30294000
-0.3	14	20	10	30294000
-0.1	14	20	10	30294000
-1	14	20	5	32250000
-0.5	14	20	5	32250000
-0.3	14	20	5	32250000
-0.1	14	20	5	32250000
-1	14	10	500	51910000
-0.5	14	10	500	51910000
-0.3	14	10	500	51910000
-0.1	14	10	500	51910000
-1	14	10	400	50154000
-0.5	14	10	400	50154000
-0.3	14	10	400	50154000
-0.1	14	10	400	50154000
-1	14	10	300	48684000
-0.5	14	10	300	48684000
-0.3	14	10	300	48684000
-0.1	14	10	300	48684000
-1	14	10	200	46990000
-0.5	14	10	200	46990000
-0.3	14	10	200	46990000
-0.1	14	10	200	46990000
-1	14	10	50	37634000
-0.5	14	10	50	37634000
-0.3	14	10	50	37634000
-0.1	14	10	50	37634000
-1	14	10	25	33616000
-0.5	14	10	25	33616000
-0.3	14	10	25	33616000
-0.1	14	10	25	33616000
-1	14	10	10	30294000
-0.5	14	10	10	30294000
-0.3	14	10	10	30294000
-0.1	14	10	10	30294000
-1	14	10	5	28440000
-0.5	14	10	5	28440000
-0.3	14	10	5	28440000
-0.1	14	10	5	28440000
